0.00000 4.16989 2.88709 2.31004 3.08915 2.39312 1.42781 4.40036 2.78914 3.81663 2.42027 3.03228 1.36481 2.34204 3.33504 2.53548 2.07700 4.94382 4.42207 5.09873 2.44398 3.85683 2.63109 3.48381 4.29170 4.71815 3.36202 2.65734 2.61704 3.27939 2.61571 
4.16989 0.00000 2.28305 5.29703 5.80812 4.31106 3.71537 6.66224 6.41303 6.33297 2.35346 1.26535 4.93838 5.79063 4.20728 4.31733 4.43798 6.54293 6.60530 7.69299 6.36079 7.48421 6.18406 6.28550 6.03138 7.40992 2.62479 2.57668 6.41932 6.54922 5.35133 
2.88709 2.28305 0.00000 4.85041 4.31307 2.87751 2.78512 5.00531 4.71935 5.29811 2.38533 1.26121 4.06421 4.71354 3.14790 2.41282 3.84244 5.12189 4.70102 6.03452 4.91809 5.75079 4.24535 5.42601 5.27312 6.27500 3.07782 3.09202 4.99907 5.70501 4.33353 
2.31004 5.29703 4.85041 0.00000 4.37068 4.08113 2.72201 5.88129 3.96461 4.32594 3.34937 4.49121 1.22353 2.40769 4.82011 4.63006 2.32360 6.38503 6.21395 6.33841 3.03324 4.79635 4.27435 3.45229 4.82734 5.12585 4.04217 2.88724 3.10112 2.54671 3.10238 
3.08915 5.80812 4.31307 4.37068 0.00000 1.52186 2.51402 1.52191 1.52198 1.52174 3.85828 4.62225 3.97543 4.96361 2.11532 2.10345 2.62783 2.13618 2.13685 2.14102 2.15695 2.12785 2.14685 2.16651 2.14308 2.12974 4.05094 4.64102 4.69554 5.78143 5.50792 
2.39312 4.31106 2.87751 4.08113 1.52186 0.00000 1.52771 2.48527 2.48521 2.48523 2.55867 3.13012 3.57589 4.65928 1.09645 1.09491 2.16755 2.69738 2.70182 3.43133 2.86888 3.41032 2.61294 2.87327 2.60468 3.41133 2.82880 3.49381 4.63963 5.57967 4.94477 
1.42781 3.71537 2.78512 2.72201 2.51402 1.52771 0.00000 3.85080 2.93941 2.95706 1.52977 2.59947 2.36297 3.66920 2.17995 2.19485 1.09125 4.12009 4.11429 4.64629 2.74234 3.98986 3.11825 2.76144 3.13663 4.00507 2.15889 2.15790 3.96622 4.47954 3.96550 
4.40036 6.66224 5.00531 5.88129 1.52191 2.48527 3.85080 0.00000 2.48527 2.48503 5.01729 5.50925 5.40184 6.24532 2.66848 2.63214 4.08353 1.09396 1.09408 1.09405 3.42110 2.57731 2.81937 3.42912 2.81962 2.57844 5.08609 5.92955 5.83080 7.11650 6.71418 
2.78914 6.41303 4.71935 3.96461 1.52198 2.48521 2.93941 2.48527 0.00000 2.48521 4.45114 5.16886 3.39266 4.02314 3.41587 2.68884 3.05580 3.42826 2.69743 2.70637 1.09037 1.09534 1.09376 2.61409 3.42138 2.81477 4.94056 5.01553 3.51450 4.79157 4.69589 
3.81663 6.33297 5.29811 4.32594 1.52174 2.48523 2.95706 2.48503 2.48521 0.00000 4.15685 5.27829 4.35938 5.56012 2.67821 3.40666 2.48530 2.70034 3.42849 2.70255 2.59812 2.81091 3.42435 1.09204 1.09398 1.09529 4.07776 4.78556 5.43869 6.18282 6.24743 
2.42027 2.35346 2.38533 3.34937 3.85828 2.55867 1.52977 5.01729 4.45114 4.15685 0.00000 1.53539 3.16237 4.40765 2.68850 3.04004 2.08767 5.04007 5.22334 5.92068 4.24861 5.50490 4.51310 3.96831 3.99547 5.24953 1.09692 1.09743 4.96174 5.14783 4.40892 
3.03228 1.26535 1.26121 4.49121 4.62225 3.13012 2.59947 5.50925 5.16886 5.27829 1.53539 0.00000 3.98617 4.87994 3.20399 3.09818 3.47235 5.50286 5.43317 6.52547 5.17005 6.23925 4.92108 5.26815 5.10491 6.33835 2.14086 2.12598 5.38582 5.73921 4.55439 
1.36481 4.93838 4.06421 1.22353 3.97543 3.57589 2.36297 5.40184 3.39266 4.35938 3.16237 3.98617 0.00000 1.49873 4.47522 3.86471 2.45308 6.00343 5.53492 5.93331 2.62921 4.31663 3.41735 3.70306 4.93706 5.17589 4.06796 2.92790 2.13312 2.12836 2.13315 
2.34204 5.79063 4.71354 2.40769 4.96361 4.65928 3.66920 6.24532 4.02314 5.56012 4.40765 4.87994 1.49873 0.00000 5.65516 4.66089 3.91355 6.98962 6.18153 6.70567 3.34461 4.80661 3.75498 4.95440 6.25441 6.25491 5.40936 4.13654 1.09284 1.09378 1.09286 
3.33504 4.20728 3.14790 4.82011 2.11532 1.09645 2.17995 2.66848 3.41587 2.67821 2.68850 3.20399 4.47522 5.65516 0.00000 1.78535 2.64313 2.41378 3.01825 3.66244 3.82017 4.21137 3.62868 3.24679 2.33775 3.58546 2.53818 3.72862 5.70994 6.54778 5.89097 
2.53548 4.31733 2.41282 4.63006 2.10345 1.09491 2.19485 2.63214 2.68884 3.40666 3.04004 3.09818 3.86471 4.66089 1.78535 0.00000 3.07169 2.96718 2.38068 3.63345 3.27038 3.58700 2.36354 3.83257 3.60465 4.19848 3.49274 3.97725 4.52525 5.68485 4.77937 
2.07700 4.43798 3.84244 2.32360 2.62783 2.16755 1.09125 4.08353 3.05580 2.48530 2.08767 3.47235 2.45308 3.91355 2.64313 3.07169 0.00000 4.32770 4.58629 4.70457 2.60170 3.97611 3.56135 1.97875 2.69141 3.51913 2.38781 2.40363 4.24816 4.52069 4.42530 
4.94382 6.54293 5.12189 6.38503 2.13618 2.69738 4.12009 1.09396 3.42826 2.70034 5.04007 5.50286 6.00343 6.98962 2.41378 2.96718 4.32770 0.00000 1.79857 1.79599 4.25046 3.60293 3.78403 3.75172 2.59232 2.85280 4.88768 6.02398 6.69223 7.86857 7.40257 
4.42207 6.60530 4.70102 6.21395 2.13685 2.70182 4.11429 1.09408 2.69743 3.42849 5.22334 5.43317 5.53492 6.18153 3.01825 2.38068 4.58629 1.79857 0.00000 1.79563 3.74601 2.84775 2.58846 4.26014 3.78516 3.60313 5.43777 6.16188 5.68548 7.13265 6.52233 
5.09873 7.69299 6.03452 6.33841 2.14102 3.43133 4.64629 1.09405 2.70637 2.70255 5.92068 6.52547 5.93331 6.70567 3.66244 3.63345 4.70457 1.79599 1.79563 0.00000 3.60886 2.33808 3.20834 3.61569 3.20655 2.33513 5.98322 6.76212 6.18463 7.49138 7.29231 
2.44398 6.36079 4.91809 3.03324 2.15695 2.86888 2.74234 3.42110 1.09037 2.59812 4.24861 5.17005 2.62921 3.34461 3.82017 3.27038 2.60170 4.25046 3.74601 3.60886 0.00000 1.76403 1.81801 2.25380 3.57196 3.02794 4.79814 4.59220 2.97279 3.96480 4.17646 
3.85683 7.48421 5.75079 4.79635 2.12785 3.41032 3.98986 2.57731 1.09534 2.81091 5.50490 6.23925 4.31663 4.80661 4.21137 3.58700 3.97611 3.60293 2.84775 2.33808 1.76403 0.00000 1.78539 3.04069 3.82267 2.70092 5.91898 6.06748 4.14946 5.46837 5.55389 
2.63109 6.18406 4.24535 4.27435 2.14685 2.61294 3.11825 2.81937 1.09376 3.42435 4.51310 4.92108 3.41735 3.75498 3.62868 2.36354 3.56135 3.78403 2.58846 3.20834 1.81801 1.78539 0.00000 3.59084 4.23283 3.82634 5.15451 5.10286 3.13361 4.65871 4.23871 
3.48381 6.28550 5.42601 3.45229 2.16651 2.87327 2.76144 3.42912 2.61409 1.09204 3.96831 5.26815 3.70306 4.95440 3.24679 3.83257 1.97875 3.75172 4.26014 3.61569 2.25380 3.04069 3.59084 0.00000 1.80776 1.76856 3.99517 4.36219 4.94722 5.43728 5.73002 
4.29170 6.03138 5.27312 4.82734 2.14308 2.60468 3.13663 2.81962 3.42138 1.09398 3.99547 5.10491 4.93706 6.25441 2.33775 3.60465 2.69141 2.59232 3.78516 3.20655 3.57196 3.82267 4.23283 1.80776 0.00000 1.78915 3.63706 4.70087 6.25386 6.90191 6.84100 
4.71815 7.40992 6.27500 5.12585 2.12974 3.41133 4.00507 2.57844 2.81477 1.09529 5.24953 6.33835 5.17589 6.25491 3.58546 4.19848 3.51913 2.85280 3.60313 2.33513 3.02794 2.70092 3.82634 1.76856 1.78915 0.00000 5.15598 5.86284 5.99616 6.81992 7.02207 
3.36202 2.62479 3.07782 4.04217 4.05094 2.82880 2.15889 5.08609 4.94056 4.07776 1.09692 2.14086 4.06796 5.40936 2.53818 3.49274 2.38781 4.88768 5.43777 5.98322 4.79814 5.91898 5.15451 3.99517 3.63706 5.15598 0.00000 1.76985 5.93430 6.09967 5.48253 
2.65734 2.57668 3.09202 2.88724 4.64102 3.49381 2.15790 5.92955 5.01553 4.78556 1.09743 2.12598 2.92790 4.13654 3.72862 3.97725 2.40363 6.02398 6.16188 6.76212 4.59220 6.06748 5.10286 4.36219 4.70087 5.86284 1.76985 0.00000 4.89273 4.69815 4.10876 
2.61704 6.41932 4.99907 3.10112 4.69554 4.63963 3.96622 5.83080 3.51450 5.43869 4.96174 5.38582 2.13312 1.09284 5.70994 4.52525 4.24816 6.69223 5.68548 6.18463 2.97279 4.14946 3.13361 4.94722 6.25386 5.99616 5.93430 4.89273 0.00000 1.77558 1.79760 
3.27939 6.54922 5.70501 2.54671 5.78143 5.57967 4.47954 7.11650 4.79157 6.18282 5.14783 5.73921 2.12836 1.09378 6.54778 5.68485 4.52069 7.86857 7.13265 7.49138 3.96480 5.46837 4.65871 5.43728 6.90191 6.81992 6.09967 4.69815 1.77558 0.00000 1.77561 
2.61571 5.35133 4.33353 3.10238 5.50792 4.94477 3.96550 6.71418 4.69589 6.24743 4.40892 4.55439 2.13315 1.09286 5.89097 4.77937 4.42530 7.40257 6.52233 7.29231 4.17646 5.55389 4.23871 5.73002 6.84100 7.02207 5.48253 4.10876 1.79760 1.77561 0.00000 
